5997
4621
6323
343
8381
75
250
3091
5592
5092
3785
3521
3706
8433
7979
2802
3620
801
2280
2144
8167
8743
3056
6123
2154
5956
9878
6414
1133
2147
8914
5100
2908
7677
6768
1336
8544
2073
461
3065
5094
3742
5962
3339
9870
5968
7456
6053
1844
1754
7571
9617
9299
6969
2360
4020
2774
9502
1950
1669
2451
2198
2169
7332
5522
5544
5443
5335
5415
1434
9645
6194
7521
8535
2549
6450
3251
2656
7656
5331
4124
9359
2163
9296
5950
7996
7077
5
1167
9513
6411
8588
4629
2363
3780
4133
4136
2593
4423
7381
6558
1805
428
8314
6581
1745
1885
7990
5411
5907
433
1006
6210
6471
3354
9792
7022
5183
9700
7454
7098
135
7673
9587
3232
8653
3172
3768
5089
7767
4643
3020
3264
6520
3837
247
8084
5779
6545
2721
9921
2218
1769
872
5066
8525
5476
3598
4380
4071
3849
540
2940
9467
6024
3089
4983
4706
1484
6080
2869
2314
8665
1643
1274
116
8478
2638
4060
2011
1423
6288
8331
2922
4973
4205
2804
9663
2597
9547
6399
5233
6188
6261
4593
6102
8417
796
4553
8567
5104
9750
5796
3659
8226
2369
3472
5603
6469
507
2542
4864
4957
5259
2083
5383
8398
5305
6830
5526
5370
2298
6582
1787
5743
7569
4141
2634
2178
8091
3455
561
1456
2679
420
2277
4245
441
539
9248
4655
1884
4462
6277
9407
1735
1777
9239
3585
3163
3026
4701
8915
9596
4154
93
9200
8504
3258
8106
895
1428
9845
1426
3203
9107
3861
3306
4625
9754
390
7756
3238
8313
1580
1906
3223
5057
355
7687
1562
7911
5537
649
7823
8911
5246
9456
5730
4560
3675
567
3941
2505
6710
691
4419
9333
8220
3947
2465
9372
3211
8959
3171
5709
4252
7795
5031
8583
1752
4022
245
1244
7141
4412
6418
7194
5070
3640
7549
4499
4571
4461
2385
6639
4360
3334
1397
9160
2452
7773
3895
8666
7188
5794
5236
6086
3441
1992
3219
1082
1652
3840
3284
6347
4899
8194
6914
8142
5173
1893
2265
6170
8493
8508
283
4482
3470
4190
2450
3798
6185
8461
3739
2582
8963
8719
8129
253
9277
8867
8121
1277
39
1253
1356
7771
3532
8109
3733
6517
5416
1892
2944
3112
3064
6329
9050
1831
8874
48
6972
6459
656
857
2841
4111
4101
161
7714
1925
1596
3246
6186
6049
4658
1155
6772
3566
708
5527
8502
4059
6919
8600
9528
4338
1824
9972
7721
9514
6736
6708
1594
2209
7995
2620
4498
9981
2784
8816
5661
9588
2631
9458
5480
3445
1794
1254
1872
1081
3687
551
9365
4720
4581
2064
5449
5821
94
4620
6610
5367
4966
4810
8047
9173
9424
5055
8534
4637
8807
8948
7132
5621
2739
9733
9904
5133
1488
1257
6176
2538
5088
509
5001
2864
572
6521
5635
1161
3175
2072
2026
6408
1375
1993
5702
3729
4025
9630
1756
4162
9762
3502
2390
2031
7831
6337
3881
746
6151
3047
2807
4393
8421
7555
8306
5669
3052
9234
5347
4960
112
9452
5024
3714
9318
7958
8619
2101
30
8241
2067
6641
259
6274
5392
7522
4297
2858
1863
8025
288
6232
6429
4554
6809
5093
3703
3083
4373
7205
3679
3833
511
9746
2837
172
9152
8275
1232
4481
1582
8287
6022
1561
1421
7257
3731
8279
7612
3783
2840
753
3402
9846
5082
2060
9029
4767
8420
21
4949
1646
9583
8207
9116
8460
4226
206
57
7109
7033
317
4779
7616
8451
3000
5804
4387
213
5310
3710
9377
1204
9605
4578
6372
3317
3460
5548
7524
8909
2063
825
893
9621
3631
295
5252
3170
9770
8181
3665
2134
8604
966
1131
5851
2689
8144
3187
6540
9132
7638
621
6599
4742
2271
6325
8281
6298
7528
7119
7733
5839
9615
9771
8251
8238
7365
9353
9727
7572
3305
385
3702
5736
329
8429
6899
9631
4598
6770
8233
6205
8367
1941
2498
8966
9978
7024
2208
3906
1281
9094
4974
7968
849
8153
1146
4485
6031
7926
8186
1231
49
1070
8837
7698
6067
1374
9389
1942
2326
678
8840
1458
9219
831
8586
5681
6270
5064
6073
8171
328
2345
8571
682
7682
9286
228
3352
9163
7880
9636
5648
2771
4001
7664
1272
2838
4561
363
5061
4645
1271
1026
9015
7244
8384
965
4517
7299
2002
9146
5992
4346
8115
6116
494
9254
6592
9104
2295
7922
41
3301
3789
356
3873
5240
5022
2814
3943
5237
4012
907
9450
2212
9235
188
7113
2195
1839
4344
3607
7282
6217
3471
2719
6958
9661
7345
3082
9126
3346
8744
5913
5662
4179
1746
9708
2729
8751
7754
5424
4845
2380
2395
1117
3657
4837
9192
1328
2153
1496
103
3363
1148
2263
7930
7896
3556
2895
1160
589
7622
7008
8817
8134
2543
1683
7799
6180
9797
3926
9512
2791
3863
35
4900
862
8360
1702
5875
4969
2600
6286
7928
1332
9685
9425
9549
819
9244
4715
5071
8074
8239
3113
6858
5660
7938
6136
949
9039
8101
8442
2664
5081
3583
5279
3760
4010
7540
8033
9908
6709
3265
9112
4601
1970
4997
5079
1962
379
9229
8128
2626
880
5444
2652
8250
7281
2699
7218
6666
3597
3152
6473
1386
1101
600
5326
6146
7478
4791
4778
7900
3627
6141
6781
7998
8503
8903
7319
4365
3546
4407
6865
1524
6728
4185
8793
2695
7217
2829
934
1574
3376
1485
1462
3877
240
6314
5606
3530
2852
3638
7171
4361
8694
909
1442
5200
2430
8991
6242
7431
6495
5398
2239
2057
2984
4673
3379
8511
1472
8
7343
6345
506
3103
7970
9918
6586
4138
96
1115
9713
7935
7671
6235
7840
1306
6607
9496
5789
6769
7071
5668
8198
1685
2613
164
1416
2045
4082
4466
6782
4838
2020
2524
6352
9697
3928
2046
1648
1429
4792
3766
2157
5262
7557
7965
681
1658
7551
7264
3649
4055
6627
8864
2342
1341
7307
7206
5697
113
9426
2146
8712
2243
7101
5255
9336
9658
7455
1449
3588
939
663
2012
1636
4424
1056
741
6010
3747
7759
7123
9432
5698
8734
4698
6020
6139
5949
784
8791
2027
9475
1394
3952
5216
838
1256
6887
3404
9714
5616
5826
5884
498
4896
2893
3023
306
8737
9807
1741
9370
6990
7473
1351
5321
8726
1933
2166
8137
3168
2966
171
1873
1504
5018
1054
9264
1896
1662
6405
2923
7211
9357
4905
3041
6489
4967
3115
9577
8883
697
2961
9648
7151
3340
3763
6112
4989
143
5545
8353
396
2447
8721
2112
812
7251
5912
2340
8102
27
1895
2227
9236
7883
2009
1864
5178
9217
6114
4724
9533
5798
6331
1795
9060
8825
9
3805
5640
9871
4206
9953
8495
8141
1537
1750
3218
6472
8705
2935
1981
725
4440
9415
2346
5041
4683
1609
1695
7187
342
5357
9451
4785
9172
1946
5320
8663
9824
7060
2676
5129
853
6970
2890
6173
3351
6336
4422
6845
768
3815
9373
4765
7526
811
4939
1392
7247
1775
4208
4908
8575
1
9907
2424
1188
2476
9841
5376
787
7139
6722
4299
4928
1333
5346
6064
8601
6720
8268
3518
9725
5483
9269
1017
5919
6213
7056
1846
1445
4474
4203
7902
9976
8267
2368
935
6766
537
3629
383
2050
3244
5597
4940
8355
4
3925
1358
9027
3573
3296
5060
9999
8729
6071
9073
8811
2599
756
5206
7804
9710
9154
6423
7574
3740
7674
638
7576
6380
4544
4723
9012
5762
9159
2094
1883
4822
8404
300
5464
2055
4394
2307
4049
9562
7753
6705
1159
9632
782
6703
2926
6254
6771
7711
6695
5739
510
7539
8829
64
7580
3825
5894
4540
5298
2273
2470
1542
3045
6492
7252
3864
3439
92
106
5689
5961
3677
4665
5299
3378
9986
4877
3442
2486
3324
8514
6822
2120
3666
1985
1567
5678
8714
6543
2276
8302
9910
6937
2546
6572
8680
9164
4080
2309
3794
6933
6259
3028
5744
4187
3806
3086
7488
2587
8089
2572
2076
3072
3953
2106
9803
1156
2810
2964
2899
4271
1597
3832
7918
2344
6396
1854
6160
5374
1625
7666
2878
5300
1031
7648
5112
1218
6871
3999
2081
5650
6048
8468
1175
5257
3021
553
4027
6869
7852
6375
2205
5353
8630
4213
9929
29
1953
2746
4161
9869
2605
98
3738
2580
8273
2628
5937
2058
2082
2945
4644
2713
3722
3196
5032
1178
9612
1980
9092
367
4823
4430
9023
5586
2004
3070
5905
7558
6209
733
4369
7181
305
3711
2423
5127
2296
5737
2242
1005
2036
2140
6841
795
9679
4076
9175
6497
5019
1990
318
2957
2260
1531
4512
8698
6815
5584
3994
2104
662
7507
9618
6894
6800
1290
5915
204
7358
178
9059
2681
2109
4341
3847
8917
6127
5604
3671
5351
4857
8212
3303
8939
9895
2084
7050
7798
8107
651
7654
2822
4830
3014
4840
8697
2353
1530
8940
739
6995
7899
7039
3206
5143
3150
7131
233
3565
9728
575
9150
6467
9835
2485
3826
3248
9342
1209
6667
4259
3319
4826
7140
7531
4915
6195
8105
1172
4669
1545
2274
2415
2793
7
4234
8920
5814
6482
5272
1106
4506
4014
7284
9571
9384
856
7873
8707
6468
4173
2733
4050
3328
6531
2574
5366
843
1150
3690
1318
6636
1395
2560
1221
5855
8960
2847
876
7639
9655
2730
5209
3595
5508
1632
9925
6791
1977
2359
929
257
5456
4035
8470
6420
6291
2998
6367
80
1393
9555
3720
5487
4153
2233
2786
2437
9090
8037
8424
6044
5989
8738
6470
9445
7145
8343
4426
3018
9376
3130
870
6984
1581
8925
464
3149
7504
5630
3800
4968
6602
8131
6798
5468
1932
246
9238
5843
8683
2782
3227
7919
6344
8546
9268
8020
8301
1226
2641
2096
4384
347
6946
3559
301
3992
5256
3879
578
1483
4649
4617
3493
8843
6300
6246
6395
8413
3786
1529
4770
6861
6943
5096
3712
5377
8965
9381
6797
7100
4278
7393
2973
1720
7220
3269
8127
5283
3322
7067
9416
63
4542
2700
7182
9409
1180
8736
7861
1744
9642
3480
2622
960
2555
9813
1448
8974
8023
8947
9481
3603
4429
1363
9859
9678
672
2979
9002
7411
8108
5752
6257
4521
7005
1079
4980
2956
197
9284
6665
4632
0
217
1473
3615
3259
760
3139
9341
6231
2740
3031
9334
3262
8616
9854
2997
7079
8821
4925
8174
2386
5342
9070
6287
1918
3357
7989
5807
5458
8863
6792
2482
7015
7950
5341
6348
5892
221
3990
3539
8887
9644
1551
7137
8952
3878
764
9325
4403
1879
7189
5825
3524
7841
9968
7347
9348
4769
5952
6434
8303
1675
8349
8081
9410
7680
2785
1764
6630
2976
3037
8716
3205
4681
6632
5382
315
6339
2029
1365
6496
7783
921
8221
5577
3968
2328
8390
5520
9064
9255
8924
7547
6879
7302
6215
8645
2621
1331
3437
7127
7646
2436
2399
1713
4241
2510
7628
8891
9817
1631
4038
8771
6827
7591
7163
3939
1404
9833
9379
1095
1738
832
5966
9339
2258
3519
4610
8062
5857
5590
896
8443
1441
1252
8179
4287
458
1753
4460
500
1623
7742
3892
5883
8782
8576
6506
269
8756
7627
8973
7233
7690
5479
7413
4890
7275
4818
1724
6622
9613
4175
4492
3298
602
4445
4106
5174
4852
6377
7065
9503
6192
4926
6131
1622
8622
5338
7354
4475
8565
6648
4454
4042
4497
6526
824
9464
2431
4985
8375
7122
4695
2816
6857
7936
6904
6290
8426
5573
2773
5149
4127
8994
1503
3373
1678
9794
6451
3293
3688
377
1733
8611
1859
6019
2921
1064
1121
664
9262
7967
5500
7858
9975
9939
4981
3764
8472
1354
1671
588
9138
594
4868
6042
7437
4037
1482
8865
9827
7494
1083
7603
5773
4119
5569
687
611
9672
2514
8610
5835
4062
3249
4687
7676
9504
3274
2438
5641
3757
5412
4172
1128
3520
1785
1195
9681
3821
6402
6206
1240
9553
5778
8627
5930
1157
4204
7567
9706
889
4504
8838
7839
1786
2032
5524
2528
8886
4178
3803
2376
7471
4664
3602
8674
2762
145
1273
4113
3680
4024
2606
8140
4756
6821
6150
5517
8681
2898
5710
3972
9393
7012
6874
6335
7511
3850
8785
2516
3669
2377
2748
6125
3015
2213
3444
8696
9218
6652
8889
7014
4026
9158
1971
3420
235
2403
2678
3398
3822
8580
2288
3699
4775
1438
3186
2960
8577
2132
7226
99
2115
8833
4437
264
174
4772
900
5626
6295
8380
6949
8423
7988
2659
3180
7107
6285
7296
8455
9114
5049
6955
8450
5827
2619
9879
1093
160
4630
5461
7078
4381
6096
7256
5991
9849
1614
4125
8860
6245
8561
1444
314
714
6412
9625
7999
7291
3728
6546
5389
1649
497
3229
2501
3910
7396
9294
7506
2325
1759
5390
1450
2456
1122
3862
5197
9609
6346
6799
2039
7467
1387
1715
8625
1067
3576
2404
6638
717
8804
2152
4036
4906
7548
7829
8300
9075
9652
2490
2206
1647
19
8930
9207
2533
6850
2971
5016
3705
6480
6460
7746
7266
413
3868
888
8800
667
7417
3071
7943
7259
701
8113
2856
2728
3464
6567
5469
4895
8849
1727
3606
5301
842
426
9964
685
6795
6838
7693
5442
2226
7850
6742
5686
3431
1705
1163
5245
263
6056
6860
626
4881
2985
7800
4015
4570
7952
7043
6033
3645
7412
4798
8884
9875
6416
2235
8341
3865
4503
6113
5552
6092
9989
7808
2049
5136
3403
8969
5029
8403
9876
8059
2300
7620
325
2704
1479
5636
7788
851
8607
4288
1145
5153
1501
9557
3119
9422
2594
2287
3584
6400
8812
9453
8993
8265
2731
2848
6297
4368
2905
386
5990
7577
7594
9815
7757
4186
9654
3604
913
1378
7750
1527
5161
9024
6440
3660
657
1057
184
4452
2735
9083
8599
3977
8878
2224
2107
552
6735
3610
6598
9669
2682
8968
1860
9252
1633
2939
4931
636
4700
2396
6171
975
3419
5297
3372
3122
12
3292
7018
3093
7178
5927
3255
877
3650
7545
4730
1300
4532
8980
2037
5169
4690
2959
4797
380
5889
2951
6893
9272
3916
8996
9572
568
1453
2019
7623
6951
8456
4221
4646
6739
447
5707
5054
463
9183
7267
5870
4290
7463
9692
3593
3034
2696
6511
6142
5191
3429
8629
7937
5970
2949
5144
5670
7310
2992
5410
2005
2517
6691
7737
837
9786
1440
946
9957
2071
7426
6426
1422
4618
4533
6681
7449
2710
2464
798
8882
8945
1200
3708
4318
4917
4295
9599
1640
5665
4567
6741
5539
7287
3191
7309
1044
3809
538
9001
9623
9057
1463
5478
6437
7824
7349
4479
6463
9548
3674
2795
1799
9775
5260
2508
2857
1539
3341
7000
4627
4662
6840
3063
736
2013
5756
9687
9608
648
5965
1996
8731
5455
2425
5981
5627
3641
9891
3976
1401
7901
3851
7792
4843
1013
2603
640
2933
3523
2285
1269
2866
5145
2417
3174
9478
793
7501
7993
8633
4766
2576
8439
6909
6172
8894
8334
2635
4306
8777
5248
668
7563
8890
8859
8828
6920
4773
7094
1901
3842
8949
8989
3331
4228
4276
3754
9121
8138
1578
280
8454
629
9065
1154
1969
1321
6484
9576
1692
7408
3717
9495
8935
9335
6267
9433
7534
1452
3613
6930
4117
9753
7498
2044
2418
6368
3474
2818
2248
7630
3506
4052
2732
3288
1818
2373
3138
8557
6322
1790
6018
5278
8797
8095
3853
2796
1593
3129
3280
8332
564
6137
9667
7509
6671
1682
9916
3907
9352
4489
1905
4691
3385
3662
5040
738
3995
6025
5973
1495
527
2193
4011
6678
1390
6606
9459
8755
699
6573
7368
754
154
3074
1176
5529
6839
7890
7154
7400
2772
9093
3111
6832
8139
3076
8711
151
542
2963
5265
9076
6593
7212
472
9671
9017
3178
822
6084
393
654
3414
6723
5554
5954
5676
4495
1952
7239
8862
6311
6670
6950
4129
9752
334
5834
1292
8188
4254
9563
8234
9637
1282
2596
7770
9399
8031
7912
3160
1370
3381
7946
836
1412
7817
1778
6583
1976
5647
5931
1319
2111
3183
4976
7516
6249
6775
9077
8277
2502
2202
2741
2561
5766
5911
4551
679
3318
1627
6773
8790
557
5816
4264
8670
16
1966
8136
8487
7395
2563
2348
1628
1185
7483
437
7361
5802
6684
9193
6424
4473
7578
3591
8393
4355
3698
5440
3044
908
9096
7369
4223
7963
9013
4513
2751
5384
1324
6268
8010
4307
2074
8566
1164
1118
8318
69
3790
9776
7276
3750
1287
9101
9782
2484
402
513
2216
4909
9966
3751
6338
5663
7707
2382
7146
9828
9711
8918
1659
6045
6707
623
4935
861
565
9861
3544
3843
86
1033
4816
5840
1526
5361
7892
5828
4631
4459
8542
4737
8203
669
2077
6233
2828
5777
9560
3574
5090
7730
6527
7976
6878
7633
2503
1134
4237
7805
4979
1045
5425
7790
9926
3311
6917
1197
2845
8080
5792
8950
6501
8875
1385
8550
5185
7872
6915
992
3476
2264
5151
8520
9657
505
7593
6612
8400
274
9356
2867
7888
7303
5231
5074
5985
2149
3448
1902
475
1075
331
6419
6588
346
2351
566
3291
9680
4392
6392
9995
7306
2790
3550
3225
3981
8779
3226
830
2571
536
2118
6381
3974
3452
8285
614
2333
3564
3818
3601
6979
230
8428
384
8480
4606
349
5623
260
5528
5609
8077
9261
123
286
6509
4520
8361
9606
4951
5754
2286
5289
7125
4103
7429
5156
4176
2648
1181
1758
352
8193
4993
5994
6690
3323
3612
6522
451
4087
84
5006
6848
7849
1377
9848
3407
56
9367
4032
5212
9604
805
6603
2544
5741
2776
9069
4602
7836
6082
8354
8912
2990
7026
1589
4858
2974
8078
6953
120
5107
2566
2765
994
9402
5519
4836
3713
8039
8704
5249
351
6199
8992
3727
9917
3069
8352
8340
8976
7632
3423
1853
2253
148
1409
4298
6124
9206
2251
6130
5671
1870
8210
7328
6542
3136
1998
5925
7124
1037
9516
974
5435
6876
1862
3817
9215
3984
9850
2343
4794
6238
1015
6487
8305
2737
2065
9763
774
7908
5929
4240
8402
1139
1447
4555
5906
6934
6023
586
1665
9507
5059
5393
6685
788
3623
9940
1114
1680
5358
6394
3335
4648
6221
5823
961
3777
8548
8531
7833
8216
2937
3277
3204
142
6978
1991
8368
9395
8526
5258
8189
8879
1690
2051
3156
3032
7010
1904
6504
7653
9598
9482
9007
3858
4491
1217
445
3986
573
7387
8291
529
4053
7322
5181
6731
8228
3961
6032
5831
8169
5878
5639
1436
3364
2595
3752
1666
7983
9911
1706
7559
8328
8192
9378
7153
7775
2339
4719
1618
2839
7248
8336
7019
9271
8685
3368
5344
4846
5714
778
8648
882
5004
8823
8766
6498
9937
3945
5306
9702
6433
1888
7523
4229
9197
3134
7629
6198
1186
1506
9418
850
8789
2583
4072
9274
947
7278
5394
9242
5914
3917
9292
1797
8116
3726
9137
8855
2717
6104
9932
3436
9568
6651
3734
9153
3177
4335
4438
8027
268
6921
1415
6963
4650
7136
270
3367
1748
5065
6356
723
2527
6179
1202
6133
2654
3696
9903
2764
6693
1940
5423
3412
7835
806
728
7535
7726
8650
1141
7150
9067
2943
2481
1576
5677
7416
8219
5659
2272
4603
236
2323
4736
5780
8066
5490
7068
2315
9074
9897
3330
1644
885
7513
7157
7739
2754
3252
6490
8768
5189
6436
9556
8764
4418
7495
1490
5203
2722
1634
618
2968
2433
4359
7575
6143
6062
2467
252
6340
7477
9400
6438
2091
5793
242
6819
3956
1023
6488
6692
7117
9267
9103
3079
7135
7822
5549
3691
3411
4699
5690
4988
5364
3797
1201
5396
232
7768
9529
4680
1833
5918
9390
8673
5137
6760
7037
4548
6600
5110
3505
3181
7352
3221
2970
4704
8229
560
7927
8130
3215
535
395
624
4626
5182
5343
4577
6216
863
3933
5184
6292
5699
3263
8016
4721
1740
3453
4068
5799
9802
2557
6924
7082
887
3375
8676
3073
1510
6326
5235
986
5421
7985
4694
6755
9585
5862
5474
4250
2155
6842
5567
4251
5044
777
6578
5543
2472
5708
6885
8471
2478
4045
2924
5325
7383
5576
1279
1635
6211
8068
9823
4941
3924
9699
1405
7587
6675
5124
8042
6793
4752
8464
9135
5805
10
2674
4622
9182
6168
8311
8006
6942
8739
9662
9118
5308
224
7288
9466
4088
9413
5971
944
7787
7097
3234
8692
950
9987
7597
7703
5841
1166
4007
5812
2038
6500
7210
8700
170
2978
1515
9033
7867
2035
1911
3686
1590
2932
5846
4982
9755
2289
8637
1352
9305
3549
3888
8724
3538
8852
9784
2673
194
6272
1339
9066
601
3425
8448
3515
3563
3109
5051
6387
8760
4040
2130
995
2550
7585
238
8474
9877
2604
155
7500
8055
4079
1534
9804
5431
4596
3630
3237
310
6808
4029
7503
597
7987
5123
7201
6103
3116
4565
5134
3286
3594
8242
6733
6801
4009
6897
5757
9371
457
3510
581
7048
3586
7688
1916
8272
2468
9063
4383
5324
1419
783
3567
2180
9694
4184
9509
307
7059
4231
2843
7410
485
2455
6718
5499
5976
60
6034
122
9979
321
4328
4289
9355
3541
2665
1811
1034
3270
3625
695
5152
5451
9079
7167
5516
9233
4777
9439
7914
33
3599
5269
8276
8117
3473
4768
2102
3773
2444
5420
7599
7052
7202
9531
2059
5836
5503
1411
1174
1960
279
6752
5228
8147
9316
3578
2590
5017
8656
1613
6515
7586
7158
9461
6187
1672
8659
4200
2616
2636
3094
6178
5578
5402
3854
9864
1544
1193
3396
3300
744
9327
7375
3347
6764
4747
1403
8746
9773
8723
3035
2324
1661
528
8689
9704
4131
284
6616
9312
7255
7419
9256
8841
7450
8243
2401
1780
4932
9607
5546
9888
3655
6059
8103
5510
5243
7231
5988
2826
7747
7104
6730
6596
5208
201
2813
6888
9216
9914
4073
8026
4198
6407
1714
1198
8419
8727
9022
7973
3529
9048
4716
9659
3380
9291
453
3979
4066
5674
9295
1841
7723
8582
4607
4352
5025
1051
4893
5329
4758
9151
8854
3882
6977
6013
1326
5944
9581
76
3242
3282
2006
7700
3513
1196
8407
132
2124
6756
6132
2983
4860
677
5014
4177
901
3468
4590
9674
3440
4526
9971
1312
7502
9821
3587
1717
5211
8057
7108
1475
6624
6324
6417
6343
6754
3009
3935
7485
6936
3996
8802
1099
9338
256
1792
8830
153
2529
6673
55
5729
9602
7546
9601
5693
4962
7725
4000
7047
6427
8845
8717
9541
8532
326
3260
8647
2787
3399
8602
5126
8982
6164
1308
8851
7058
1207
789
3684
9030
3923
9620
3663
4058
405
996
4100
114
2770
3312
9209
4030
7877
225
8518
5281
3897
4557
1431
4095
6057
5725
484
7601
1908
7533
2453
5959
1087
7285
4901
4636
1982
5832
7170
7164
7694
5002
2408
8921
3008
4835
5847
4092
1821
5436
9801
5291
8284
4710
129
4399
954
1891
6555
6880
5903
9569
3299
7435
1123
4568
2267
4401
9561
4783
2703
4300
5960
9757
293
4451
5591
3844
3162
2320
5350
97
5550
2680
397
229
5890
2119
412
7186
6255
4748
807
693
2318
2463
2458
8164
518
8449
6686
7719
3697
9633
7002
7920
4545
3029
1046
8046
8814
5113
1566
6111
3741
3117
7236
34
2534
85
3791
2623
4744
7106
8489
4547
8866
1670
6650
5964
1751
8316
1874
4428
3852
486
860
353
7512
6628
5172
2610
1305
8926
4569
2174
1237
4817
3811
4898
9058
7865
7825
8658
5700
9586
1887
5751
482
2910
8422
1611
4595
8603
4354
8933
3294
492
8592
1348
3608
9465
3646
8533
2362
569
3709
3304
134
3371
3266
8578
7845
9047
7810
8946
6759
1543
763
3366
5473
6016
3096
7744
6890
1435
9758
1528
8199
989
5893
1322
8162
9391
5063
8214
3912
8019
8063
2871
915
2341
9952
6202
4477
710
1307
8151
5053
1263
8846
8114
9816
9170
8197
8836
126
1912
1512
473
6985
9350
6823
1203
3966
1810
5102
4863
7227
7848
9900
1722
6108
968
7451
6503
4688
6721
3239
2001
6854
5800
5624
8373
5566
9887
2245
9992
5111
2196
3723
285
382
8036
1598
3190
7705
2139
4851
8064
4696
9398
3005
1550
3749
3133
7484
4776
4790
3931
4441
7207
5119
193
1350
4311
1967
3901
9315
107
2824
4558
9798
290
6118
8672
2913
7407
4272
8876
2000
6712
7562
9168
3207
1800
1235
4751
95
7434
4469
3611
3078
7142
7421
5666
4434
971
7779
1865
5713
4530
5523
3867
1718
185
7550
3776
2851
715
5068
9253
8298
3973
3426
1914
3492
574
7738
9883
5724
5381
9142
3765
2860
1629
4160
465
4855
1295
9808
2989
3285
3793
7886
8357
5879
2056
8387
6342
8529
388
5005
6357
8112
3784
1650
3198
7609
3462
1053
1583
3222
1802
8484
8880
7268
8438
1364
7870
5160
1615
1532
1349
8541
2669
9928
6688
3066
9664
4859
5314
7213
800
324
1047
9731
2391
1151
3937
4675
5270
1417
1238
6748
9343
2016
9072
6601
3144
9288
3836
7474
4566
3314
8741
5861
4244
5531
6083
1170
8943
9406
5986
846
4879
4063
5853
2237
745
1247
36
4712
3694
409
2354
2257
2835
7954
6992
8274
2884
8662
9180
8209
1284
7030
4081
4444
4813
7020
1132
6003
554
652
7305
6683
1742
7716
226
956
886
9257
1408
9538
3276
4094
6353
2068
6519
9491
9810
3384
4867
3046
5447
5706
4831
6617
7992
8431
1296
6225
7290
8408
1807
333
6276
6530
4057
5790
345
6388
7229
1880
9454
1881
180
6135
4199
1424
7583
3632
9191
7537
6239
6829
2121
1199
5077
1637
9494
5457
3131
3991
4238
6907
4529
8781
1184
408
6523
4929
4829
244
2332
6241
1592
890
3085
9779
724
7190
261
4258
5099
8483
5295
3098
7155
5433
1929
6999
1565
9085
8664
7466
6158
9205
6466
493
8572
210
6305
6844
7615
7390
9892
9321
5204
287
9056
7453
2219
2519
3870
3485
4725
1108
291
9161
9508
6140
3095
4277
3914
3678
14
1660
7046
8434
2092
5489
3648
7764
5154
9186
2930
4230
1559
7889
2727
4761
4044
9382
2138
1248
8317
9419
4614
4678
2223
7802
615
371
4480
9123
5820
4576
1245
1934
8236
6701
6704
3636
8093
8552
9614
8507
2564
945
6410
3479
2698
2891
5190
7866
6575
661
802
1808
1691
9220
273
9162
8826
1709
9640
2846
8180
401
1608
5491
7363
5538
3535
3360
9314
119
4396
454
7313
2575
514
5514
6075
8196
4021
6444
491
3194
7441
9893
5951
8871
7942
6862
8000
2701
8356
3909
9722
5254
6334
4556
6087
2562
1766
3744
4986
2261
1362
1011
9304
8733
912
4842
7962
8553
5118
374
927
1509
9591
1763
479
7496
9837
4722
6316
8048
2906
9157
2531
7325
4965
8605
6966
5718
4764
722
2540
8910
2779
2407
675
6307
9768
4861
5797
5147
2608
5368
9691
4702
9487
1605
5934
2736
3932
5387
9855
6658
8951
8292
5202
4004
7857
4189
3125
6094
7091
7418
1317
4801
9927
9488
9991
6654
2334
3415
9838
7718
2499
9720
6656
6462
6719
5466
6373
5282
4604
9480
2653
4866
6280
3189
5977
3581
9977
2172
417
5551
910
6717
1360
5611
4579
275
7515
6891
6565
199
8202
3652
5691
3268
5003
6913
978
5150
5765
7871
1656
490
5809
7934
1236
609
9042
6129
6060
5230
6549
9106
2125
7342
4379
8293
3654
4356
5593
5261
9078
3105
4536
176
6428
8684
6964
3369
9119
4034
9177
4150
4814
3099
4872
8515
3146
5043
2108
440
3456
8998
8054
8377
9297
4155
1073
9783
2025
6152
9616
735
9946
3971
6038
6360
9756
5388
2645
4811
9071
1455
4634
5020
7668
6753
2500
7647
4144
281
1568
8452
3478
6090
8524
4211
6145
2054
5482
4319
5651
5125
1182
4239
117
9427
4248
186
2127
2759
1602
7238
3428
7370
2173
7579
9554
5117
5083
4848
3745
3343
5864
9018
1344
6807
6725
4746
7712
3245
4086
7643
7394
7884
4122
5268
4330
3159
7621
5761
6415
6393
7864
8832
3214
6855
820
9922
7364
2879
5711
7406
9872
2167
4952
3951
3068
9421
1903
9155
7409
4339
5613
8043
5264
449
4609
446
2811
9956
7475
9818
5734
2393
5612
5220
1676
7486
3433
932
9973
7130
516
1078
7780
2942
8972
4202
6737
2907
9867
7133
9179
9709
6191
5733
7538
2461
9181
5515
1897
2644
6174
1406
9068
5684
4209
4780
4874
9923
791
4807
6635
4235
5922
5643
9443
3001
3762
6867
985
9963
1074
7969
219
6494
23
2859
4653
8521
6182
4140
1737
1657
6960
6994
8339
4411
5618
6457
7904
520
3202
391
1972
4023
7469
9698
2697
642
2515
1716
5633
7490
443
5901
5625
8671
5748
4958
9476
3946
7875
9278
7051
5177
8477
354
8432
5459
6698
7023
3552
6155
222
7198
4417
6563
6465
3891
9772
501
8289
2214
9573
4201
9515
378
7083
2428
5972
3036
9729
6802
7704
2640
8176
319
3561
3250
6749
906
9705
4139
73
815
5194
7842
2330
6502
7811
3719
327
8749
1104
282
9329
6026
5486
5608
1913
6166
364
278
3950
4854
2129
1443
5497
2168
9493
3067
5369
4269
5553
7428
911
9500
6512
5917
899
8310
5860
2849
6149
4684
4865
3512
706
8934
3531
5385
8942
4505
5008
7505
2003
9789
9603
7881
6134
2588
9266
2435
4789
7812
3007
3185
8803
1729
4256
545
4572
7422
770
2301
2734
3053
3166
9457
8161
3700
6544
4564
8481
1096
6081
1518
7242
5078
2275
9301
3955
8513
8722
4749
6091
7806
3978
1153
5770
4457
9298
8642
7185
2836
7566
4130
3337
8788
3830
998
4333
9204
4613
9479
9970
6162
9843
6873
8872
7514
6882
2948
9472
2259
8679
1355
3633
6281
2327
2929
599
9171
8394
8636
1612
5251
3987
1688
8160
6889
4619
3876
3827
2904
3960
1389
9990
9004
6359
8014
7796
7464
8907
9363
5998
2316
9345
3329
2329
5824
7304
4375
1869
9822
2492
8975
5521
2865
8371
9446
8703
9241
3208
7724
3514
803
4753
1726
241
6941
7986
44
983
4266
3572
7280
7794
3799
1826
3121
2870
6609
1886
4265
3536
4191
7245
9259
1303
2322
1050
9463
7542
9919
2361
9584
9788
2483
7713
8245
598
9619
4584
5652
8386
1697
7765
4588
9136
655
7339
6971
2372
758
7826
4718
9579
512
9144
8929
555
3297
3756
8773
6620
6401
8364
4091
9831
20
7910
5345
7925
7891
9455
9666
6633
7261
7565
7966
8231
5541
603
9749
4841
645
7327
6594
8411
1255
7289
5896
7144
1241
1931
444
8252
5692
8255
299
6248
761
4120
1560
3040
3418
1930
3509
2103
9874
6310
742
2488
2184
1080
3100
4996
5695
2387
2769
4638
8870
8501
5176
7598
948
2186
3647
2801
1329
8366
4887
6349
8184
72
612
4123
740
1063
2798
9948
9899
5583
4197
5838
4282
7166
9826
8282
1784
6362
3417
9210
3145
1110
6244
1466
5307
2150
8678
4786
2030
9208
4821
4828
4041
2767
5221
6047
6483
1783
6474
9593
7027
1194
3059
8810
6445
1857
8796
2969
2040
5069
6364
3605
5371
3310
8446
9448
635
6126
4193
5704
1876
7049
9947
9580
3199
8759
4169
7797
3061
4703
6872
7382
9311
4537
3562
979
2462
5943
6724
2357
4538
8083
1760
6533
337
7487
9273
903
4623
1268
5525
2627
5322
4019
5013
5284
3919
2685
8587
239
6886
3257
1937
1113
7457
3543
3295
9320
8783
2370
2097
9600
2137
53
2714
1258
5395
7148
6481
2349
7818
2189
7273
2086
6900
32
2545
158
7519
8414
3985
4635
9707
9317
5116
6786
6836
5760
424
6996
9945
2422
9270
5087
5536
5909
9199
6806
2994
5498
4685
5101
616
6327
9819
9542
448
5767
5105
604
5303
7980
1520
1723
7156
8120
2042
2726
4883
3290
4713
6007
3949
5921
6197
8376
8971
3883
9649
8822
8348
418
8041
5570
2442
5058
2834
3869
9511
7045
2709
5717
821
373
883
7292
5128
4963
7582
7480
3920
7169
9006
8754
4174
4559
4327
3176
2188
1371
8132
7619
8579
8071
3143
1130
9544
1289
8110
6619
5332
847
9188
5085
6534
9506
9185
3963
6275
5667
3922
6227
5319
7663
2231
9950
4916
4781
660
8584
5656
875
6591
6595
6289
2182
2230
2513
8835
709
4164
8954
2577
7491
2931
9656
7088
7932
3261
6486
7785
7286
7126
8955
1494
4661
7846
4961
452
3024
4693
7351
4869
902
4832
4759
5774
7637
2995
4018
1457
8765
8806
2552
4834
8418
1619
9111
3042
2210
6625
2151
7176
3151
3050
9635
6653
3934
8447
2429
7951
9099
4343
8035
4166
3390
7624
1915
2567
1102
2183
4291
4378
3394
9374
839
5581
1383
7493
637
549
6751
2820
5672
2331
7728
8861
2554
8958
9523
8801
2282
7819
6976
9166
7667
8249
2087
7378
6780
8786
7749
8204
9886
3147
8820
2448
8111
6758
5559
4196
2842
8060
2632
2535
2365
2312
5946
504
1569
6253
3016
6662
51
2117
696
748
8635
816
3622
6175
785
5292
6634
1832
1058
1478
8397
4431
9984
4882
5983
5719
3195
8747
2958
1179
9737
7237
4099
1684
4612
3358
4608
8632
8491
4147
9811
5193
799
3580
8774
6455
3338
781
558
4717
3212
1381
6982
1094
8881
6571
8133
6442
6391
521
7745
2578
5475
1563
2392
7907
544
5900
7070
3958
3027
1804
2897
7372
8051
4415
1137
3957
7720
5865
3667
7649
6918
2541
2706
2830
340
4126
5372
2601
841
3241
101
515
6321
3345
7945
5109
1920
9765
8088
9809
8498
591
4933
7955
1107
3022
8770
4514
5450
7510
3557
7592
7895
5504
7686
955
3043
187
617
5309
3383
4456
5628
6952
2292
3228
6167
2768
1677
2888
3313
6193
7854
3866
8691
2397
4515
7807
650
3965
9518
254
1152
4922
5673
8294
4793
8156
4468
7340
4159
9689
2052
2716
2211
9924
6561
104
2920
7584
8899
9501
1112
5010
2066
7081
999
6518
9830
2477
1320
9834
7035
9829
4192
370
2232
1169
2909
7772
2766
9149
7741
6614
3235
1924
8549
4143
1314
1548
6236
9279
2426
3569
7972
1325
8813
3165
9814
1086
6835
3911
3201
969
4064
7093
9844
1964
8004
9474
2078
4592
3003
2128
5042
6237
8847
8237
6319
6012
4051
9920
5657
4274
7216
2809
5513
7143
289
3545
81
3894
5131
1396
4310
9559
3913
1024
4390
9133
7544
5509
4016
7736
2291
5598
6618
6493
3413
5781
6866
3197
8496
3618
2684
7243
2715
2523
5772
7433
7821
9028
4975
6115
3240
4109
6117
212
4382
9732
8902
1956
925
9650
4090
421
9718
4913
1557
8441
8087
3507
9498
4943
4455
2752
5646
9539
1402
5391
4920
3019
7843
1007
163
879
632
4363
2294
3558
4624
7476
9902
7036
2421
990
924
6106
8819
7134
4326
4679
7415
4672
3954
1043
7670
9592
267
7323
4118
6370
7949
8701
1243
2079
937
4754
5867
5488
2661
162
5588
5404
4478
2008
6993
9019
2711
9440
559
7527
4232
8848
3459
3457
1019
139
2928
8150
3487
8522
6987
3236
2497
8839
4582
9303
8082
1020
9483
2420
1572
1975
1500
8330
1936
6385
4347
5141
6580
1205
4402
5453
5622
7179
1719
936
5148
1525
707
823
3142
7224
4705
6980
1825
9974
2069
8589
1948
2831
1100
1498
6743
6828
466
6765
195
6948
5075
6516
6461
1291
8342
3077
1227
7729
1696
4357
6560
1119
1624
2191
1084
3807
8018
596
6077
9866
157
4487
8067
7536
7876
9825
3841
6097
3755
6507
7982
5195
5726
6954
6905
1791
4539
8485
7371
7696
3998
2126
2833
2171
429
7221
6945
2383
5239
5556
8818
3273
5755
7414
1158
6988
8307
2629
2085
8805
5290
6804
3164
9517
8190
1927
2585
2609
411
5426
5023
8695
8591
5910
7085
4443
141
168
8416
272
1965
8347
9853
556
2880
7095
4170
584
1267
8761
3075
705
5095
3421
4923
5712
871
4523
3767
4142
5132
2724
852
9912
8725
4308
972
8988
5869
1224
4224
810
6626
1899
8500
5787
1413
1234
2313
3409
2095
3498
3823
68
7564
7312
8651
4875
3434
7191
3401
1008
2712
7209
450
6655
834
146
3179
1334
6584
3169
2875
1239
6014
5842
37
2649
4918
9735
8769
1890
3885
6870
4096
976
6868
8459
2950
987
8152
7683
6925
2749
7298
2896
7909
7219
2319
1288
5277
4313
6397
5728
2672
6927
5819
2558
9942
8187
2033
322
1603
1516
7874
2406
2986
5880
5397
9785
4195
309
1025
2720
1867
8463
8283
5030
3446
5720
3155
3126
9337
854
4878
5768
6615
1610
7851
2222
5939
4163
308
7879
4216
5226
5207
4281
5250
4809
2663
7832
6476
5452
2579
338
7249
9764
6647
5740
2612
8901
6659
1817
7751
6649
1414
1858
595
3326
7588
3055
1476
6740
4714
7640
406
8735
1922
5047
5296
7333
7034
1601
7906
576
7161
3555
8467
3320
8322
5585
2122
9245
5871
3167
2657
5429
5505
3388
9790
4008
2099
8011
9787
6223
9716
6537
8613
1246
3673
9011
8211
8543
1819
5327
673
2624
3735
630
7270
7541
177
2350
7384
5072
9401
3568
7105
9084
6306
8069
3427
6877
121
9313
8492
4782
8308
541
5313
5873
5033
5463
8540
2496
7110
9143
6508
9231
2190
502
9246
4945
8558
9777
7974
5634
2014
7300
2110
6212
9791
8392
1379
1809
7660
6069
8906
3730
9055
2256
4934
5742
124
2591
8941
1803
332
3724
993
4467
5600
4056
8824
1508
670
1979
4628
7813
4047
6931
5645
6234
5439
1546
6250
3141
9558
8530
207
105
5199
8936
1828
9546
8831
2246
3454
1129
9982
5731
5288
8320
3871
3039
5218
7080
6738
5028
7617
5330
9169
4563
1052
5619
6550
9089
8956
8923
3158
6070
613
336
9998
9449
5465
9310
6864
8118
2375
8895
3860
4616
6301
468
1910
5759
7430
3685
2234
2874
9983
8166
339
7173
1311
8309
2862
4998
3391
6585
2991
6932
456
4708
9130
1140
9437
2241
3101
1259
7961
3560
6923
4519
5186
4788
9741
1489
1513
2863
5050
4262
4534
1323
8058
6926
5157
5121
3769
2792
3475
125
7706
9551
1547
7017
9543
2823
8652
1223
5920
7743
8590
9031
2911
2660
9115
1347
1959
483
7032
6107
9369
7678
6308
9195
804
5654
3810
2868
6052
5788
8170
1088
357
5784
1868
8049
9041
3693
4659
5445
133
1338
8122
3062
6228
2718
5872
7769
6621
7458
8693
1233
4112
1668
1242
5655
3511
9120
3944
4416
2080
6922
7225
3772
7781
5980
4615
5881
6028
4388
9748
7991
147
8232
9955
4804
1837
3725
9232
4774
919
1097
3643
3386
4145
8254
4405
362
4218
9611
1480
4740
434
4484
8205
7608
6218
4642
4345
4984
403
5858
5438
8904
2181
5786
8953
524
2799
7389
6449
7755
4955
4921
7028
6299
7497
6453
4815
9723
3499
1468
6790
5328
6294
5587
7401
3743
2268
3577
2446
5302
4243
7350
5187
4207
9293
2655
1907
8608
4795
8893
1761
2075
4970
6204
251
918
6847
8787
1957
6833
9570
5649
9037
4270
208
7470
9622
9383
4260
5932
2133
1398
3592
4370
4994
951
5222
1900
6577
1213
4873
3635
3801
9646
874
9759
1522
8145
2965
5829
9889
169
1555
8469
6184
400
7331
7727
5234
192
878
6366
2302
6767
6564
4215
438
4507
1286
1986
1293
7240
1813
2887
8682
8984
1553
387
1361
6101
2262
9431
8690
9300
7061
700
8030
3114
9643
5601
7784
8321
5419
973
4562
3501
7029
15
3325
9213
1391
6296
28
7701
4168
4377
6027
4527
5818
5904
3209
1016
5849
2281
8099
2427
7984
1768
3173
2371
9052
6729
7661
9670
7860
198
9660
7659
8778
2200
8148
5926
1584
5938
8564
1554
6251
3123
1270
2457
7479
6258
1029
5000
5568
3527
9405
6065
9933
255
3
7314
2229
1734
2308
2303
7162
2311
1958
4726
7183
9647
9025
2692
9396
6341
5399
5771
7898
5135
8296
1055
8618
3571
7508
5098
6514
6727
9307
88
6454
5815
2100
4660
6093
1820
4611
8512
8079
1871
1294
726
2398
8775
4950
7814
6981
5813
7722
898
7734
2832
115
711
7321
4097
984
6916
8358
5978
9128
6559
1773
8528
4677
2999
9567
4121
2317
2389
7149
7748
2760
7606
8486
9009
4061
6968
4225
7695
419
13
5637
2215
5701
5471
5007
8908
1366
4465
5615
3490
9847
6015
2010
7420
1109
8981
8369
7634
8165
2225
1042
5928
5560
4212
5732
3908
9237
9251
7102
683
914
4031
5887
8261
8100
5947
1433
5267
3812
3761
3220
6539
360
1189
4404
394
9324
5428
8182
8017
2306
8657
1698
3333
8767
5902
9243
8072
7147
8547
6078
8312
5810
6122
4110
8892
2379
1687
7461
3010
3551
7424
149
5565
5159
8795
7404
368
3161
7809
3463
131
4500
5379
1388
7635
1373
4656
3488
4135
1814
9695
8638
4316
4972
2987
9497
6333
6256
680
432
9812
1575
3102
2093
7025
42
6694
8732
3188
3904
6664
5833
271
762
6535
2070
6464
1062
5470
5703
1410
9565
2584
1838
3256
3820
2592
7041
5227
3342
8699
3481
1069
1875
7348
1210
8640
5644
3834
8510
398
9263
8585
9285
9249
79
5561
8505
7271
2509
7297
166
9280
7581
8178
5365
6805
4148
45
1471
517
1041
8401
690
5617
439
3494
179
4885
6219
579
920
369
5953
9131
1654
659
7120
2506
6677
7913
3534
3500
6761
5979
2161
6456
526
7447
6663
3254
7786
4697
5205
1090
5247
7645
8990
2279
5975
9962
3746
4324
6384
5241
2114
6119
3090
1989
6383
3359
3884
4574
7222
3596
1451
4348
3575
750
3624
481
9174
9331
5540
1454
622
5225
9344
751
7007
7868
4152
227
8040
4805
8217
7294
8877
7118
4280
4936
4633
7944
8195
4420
2024
330
4408
9988
3422
6266
5165
9087
828
3737
8762
9885
4657
6856
488
3918
3272
8560
6475
8075
3975
1616
4409
1944
3676
6169
827
963
7087
3517
1919
1842
7359
7960
2617
2892
643
6183
868
9196
3051
1928
8649
8624
3344
4371
7947
3902
8612
90
8351
8970
5518
6121
9857
296
6224
3771
4674
4954
7740
5664
6682
8718
6229
6538
5011
9532
1538
6029
1816
6002
4472
8319
4217
9865
4600
5046
6252
7941
298
6961
1022
8702
9673
1077
4947
5632
1856
7353
1229
4827
6505
9852
9537
2882
5035
894
2192
6597
4728
8527
469
3948
5430
2321
3874
5179
8944
8246
1357
720
2194
2670
1302
3279
6159
1216
4464
6058
5688
4102
1771
3993
4959
6350
8842
9873
4275
9109
7855
6853
6623
5170
3489
3327
2805
4132
1829
2236
6355
7006
1001
5481
9677
8430
7607
9675
8215
3355
8406
9435
9520
7062
3447
9696
5477
2667
7618
1177
1215
2416
840
5146
7689
4391
3526
5168
5866
6973
3210
926
6983
5721
3104
631
2159
7789
3424
1384
977
1591
8097
7197
4433
3835
6371
4320
997
38
6898
422
1000
9743
1663
3921
1812
5354
7063
5547
6849
981
2952
5120
547
9403
2675
8213
2881
9806
1849
4085
2936
9020
89
8536
9840
2034
5535
5782
1028
5048
4727
7230
3808
6524
5602
5738
6425
6317
4891
1776
5533
9959
786
8206
6660
404
9046
7731
1599
7931
2352
9394
9281
130
4070
3753
9330
1700
7128
5253
550
5462
4372
425
3491
303
8104
9485
1505
718
3140
769
2179
563
6148
5375
1135
1877
7732
7174
8172
3816
5571
1579
8324
3057
40
8661
3253
9302
7590
7735
9212
4436
9228
6128
1004
8388
938
7279
8391
7604
7074
582
570
2666
2819
6700
8240
3038
732
9139
9420
873
4463
5727
8545
1262
4183
1587
6278
9026
9519
1770
884
1681
1732
1327
2176
6998
4432
8266
4006
381
7203
633
4471
9651
1730
2364
4446
6812
1585
5747
7208
7570
7204
2414
644
4115
7953
6699
9375
9800
7702
1367
4880
4439
2388
489
1298
9470
4214
8758
6491
698
4806
4771
9997
6446
4803
2708
9938
5446
156
9113
4652
3718
2691
1701
6279
5882
6696
9178
5629
2812
3707
826
3814
1747
7971
9081
6043
5036
5658
5745
9820
3216
2410
4362
4825
7234
9526
3890
9250
2358
2378
1060
1192
1315
3410
6975
6714
8125
5293
6974
5512
7399
9884
8961
5348
9796
9510
6230
8898
8038
7439
6190
953
8223
9766
5352
4442
1143
9690
3758
8995
1521
3930
3940
757
47
9610
7462
9882
1721
6269
8325
7905
2238
9941
4518
2996
7076
2614
1571
3704
6304
7830
5407
5496
8345
9388
8581
9054
628
2980
5215
610
2217
8270
6447
9719
6243
1704
5163
3553
9597
6138
4666
7301
4413
4002
5679
8932
4410
5958
9739
1645
9881
1850
5564
3774
9693
1963
7651
9860
8896
4398
4757
3900
5198
8092
1974
6165
5336
7246
8780
9287
6477
2547
964
7556
6643
8346
7367
8479
6066
1855
737
688
5073
3124
2938
5286
74
9223
7709
4856
684
933
2806
6039
7605
9097
7837
5876
1638
5273
6220
6247
1265
8752
2800
8538
2761
9129
1208
5056
2048
407
9896
7253
5214
1297
8655
8643
6008
6674
5631
7391
7379
9769
3715
5086
6883
4233
7589
2023
6715
11
9354
3838
7543
1630
4784
5785
5562
3012
4329
7869
7610
5924
2581
3017
4550
9362
1061
6283
809
7614
4956
9062
4910
5097
1917
8792
779
5987
7452
6055
1898
8799
4314
6110
8344
1162
8776
7553
5967
7283
7887
2504
9364
8594
9909
5012
9935
5027
9701
2753
5532
3689
2917
1767
5803
7856
9387
1477
7679
9016
930
9898
9527
9189
8509
1249
5940
7260
2007
9438
6562
8073
8155
9091
7214
8937
7195
5373
5158
5362
7376
6409
7532
3839
3393
6959
8523
5356
1739
619
8436
6144
4331
4824
4075
2671
2553
1380
5312
2053
1359
3508
8269
3782
775
4501
6413
1049
2525
6328
881
5337
4449
9751
2687
8326
8494
3528
2283
5716
2532
8713
3736
721
4914
2381
5942
7277
2763
8763
3779
3621
9676
6479
4323
1486
8740
7374
818
4591
4496
7672
8297
2394
3781
6687
3092
150
1995
8098
1126
9442
7075
8850
755
7241
6100
5495
9201
2028
6881
7844
4358
9411
7596
8728
8425
689
5685
1517
1103
3525
1399
9595
2788
5801
6035
3813
1211
9000
1470
1144
1071
9894
8631
5542
8748
3828
3658
2278
7882
316
3516
3495
4013
9290
4682
5311
7223
6528
7265
7336
1973
5749
2
7715
6817
605
9289
4301
9190
6240
4105
8008
9038
4427
8123
6177
8466
4257
1002
4033
3060
5037
4470
4386
2247
5848
1430
6605
6072
8126
2886
8506
1353
138
6967
4912
7016
9951
2548
8157
6644
6637
9505
3106
9230
3692
731
4488
4987
1212
7468
4964
4894
4585
6901
7933
144
8551
4942
2662
8333
9102
4919
2743
2559
5715
3230
8247
323
8922
496
3859
6214
6796
4787
2651
866
1788
1711
7193
1840
3348
3856
2240
1251
773
9283
4137
8256
2337
1673
7915
6061
3362
3350
243
4210
3570
766
7335
4819
5811
3349
8457
5638
7177
1588
5886
1335
7525
6570
2471
223
6579
8191
5201
8708
892
4005
5933
6668
9053
5957
442
6744
4654
608
1098
7103
1467
7994
7684
1541
7897
8362
9965
1313
5166
8168
734
7923
3127
525
2630
4414
2569
4171
9184
8687
9265
2725
4353
4640
2967
7776
218
1955
2022
2409
1136
2466
6302
2061
8628
455
2885
9036
1607
258
4321
6529
3128
8745
1749
8757
5210
2135
6361
3967
7427
9276
5984
593
5808
5108
2156
9665
9530
4158
6831
8021
6001
6315
1316
6318
4067
7816
6264
9086
9862
359
9225
3353
8614
1617
1492
6351
6431
5339
1765
1639
3982
4028
9582
2975
9176
3467
311
9905
7752
7232
9492
8090
1889
467
1124
6050
9590
9930
7827
430
1165
8868
266
9545
2113
2618
6536
1039
1009
3048
1372
5574
752
7086
671
1641
3316
845
1012
1261
2434
8440
9211
4351
1076
2047
6262
3217
9014
59
6910
474
9880
7228
5378
1038
5555
2993
8427
1278
5941
3002
5969
6282
5899
2384
1573
3107
7791
9003
8124
460
7192
9214
4017
6203
4750
8885
8928
9247
1173
1400
477
6556
4892
78
1125
3639
2043
7681
4991
5316
3829
9323
5091
2650
7443
931
6689
1793
5575
1369
8262
891
8646
5863
1127
2688
8253
4089
1003
1032
6
7778
8264
3590
6908
1519
2872
8570
653
2185
2162
2335
9447
3148
361
6576
2336
4849
9477
4107
375
6284
9486
2539
3054
8378
1772
5009
1552
625
5103
8032
8873
5530
5045
2293
4755
7111
1968
6303
2432
3983
4296
9361
1708
8244
3644
1147
8669
7903
3497
152
859
8185
1260
4157
1782
1514
8626
8815
967
6746
4048
4453
1474
5594
780
833
8458
8444
3889
9108
792
1651
3626
7492
8919
1437
7760
1497
5162
4541
4999
3287
9040
4647
2537
1342
590
4862
9080
2625
7357
3087
1340
1848
7442
627
4509
220
3025
58
8539
2919
6046
8598
8183
5359
6432
4286
8784
2304
2668
2883
1997
5076
2479
3775
26
7834
1693
2290
62
8278
102
348
5653
2815
9761
8634
6803
6551
7762
7092
5769
4511
1142
4502
6566
1304
7069
1686
5791
8409
962
1345
3405
1743
2374
4667
7917
4762
4336
2694
7385
7644
9436
2873
4745
4587
7894
6379
6354
7200
2918
8227
3486
3283
8517
7625
6403
7254
4255
1343
24
4294
7317
1994
2131
9460
530
2972
1091
6944
159
8916
7021
8964
2690
580
2573
249
6818
7114
4425
9564
3361
4711
922
6750
2402
9471
7554
4977
3275
8888
686
8927
988
4349
3365
6098
5822
4670
4902
1459
7777
6902
5171
9306
6716
237
313
2551
5852
5242
8499
312
8710
2199
6989
3308
5982
9100
4808
2750
7595
7324
2825
5563
1712
8675
8554
4395
70
3905
1376
4844
7326
7460
3855
9980
8050
7073
3997
9778
917
2982
7650
1222
3432
2487
6794
1725
5224
2123
3307
9165
6156
5114
1418
3695
765
5963
776
1310
5334
8639
848
6448
4315
532
9222
9522
4486
5758
4165
1699
4884
8119
9958
7423
7038
9194
5705
4181
1499
4686
4400
1330
1707
4267
6365
1653
6554
3278
3438
3637
9575
7293
8009
5680
3896
4689
2270
9430
4134
189
108
5557
3770
897
1762
8986
5895
829
2252
1030
7360
3231
214
83
7658
6458
8559
2658
9469
9051
3942
1068
6063
459
8295
9021
416
6587
2413
5620
8044
2491
8519
191
9346
8230
1923
5263
414
904
3898
5735
54
9499
4889
8856
8271
7793
5850
4078
5558
5196
5229
2756
2175
905
2254
1779
415
4743
2439
5493
9627
3389
7274
6051
4605
487
4385
1511
8286
165
2228
3213
4938
587
4450
6358
4924
5414
9521
4194
4692
6293
666
2480
5287
3137
6672
508
4946
5589
9682
1921
8022
4583
7530
4156
5062
7662
8329
2018
8476
4069
3466
7373
4528
7997
1947
1464
215
7308
1065
9260
8462
2927
2299
2639
8644
4796
4870
5408
7957
3097
2556
5015
82
2916
2449
9088
1830
7269
2646
1815
4334
6774
2794
7440
7215
5084
6814
2493
1595
8235
4104
4763
9740
8208
4871
7489
431
4927
1535
3108
9890
9156
6763
5687
6005
2789
1493
794
3653
9147
4738
7939
9954
3846
4709
6726
743
7402
8410
940
2755
2244
1806
5139
9360
8597
9534
4992
6088
5683
3915
6956
9949
5763
6935
2844
3642
5266
7089
9868
3450
3732
5039
8146
8053
4594
6181
4573
3081
7977
6332
6929
3589
9931
8415
4586
5052
3927
9005
8370
9934
7675
808
2707
1866
3792
1116
1168
7311
9240
1951
1755
8389
5753
5830
277
2284
8359
9105
8029
8257
7425
4435
3664
2876
4589
2526
7573
7337
562
7250
9468
8012
8957
2915
2518
7611
1600
8473
9780
9726
109
2220
1171
4284
5891
9032
7053
8967
8086
3617
8808
1230
9140
923
3192
9227
4253
3609
2803
2367
5614
5333
9774
2177
2747
1285
7708
9224
4524
7472
9724
173
2607
6378
6421
1736
7184
8985
8143
7084
3477
5223
5349
1228
3683
9473
1461
8288
111
1694
9943
5874
6068
1836
867
9550
2642
9653
1382
8869
181
2758
959
1655
8794
1983
2775
8730
8052
140
1021
8621
3483
5106
6201
7380
8660
5572
7377
7334
5610
583
1214
4948
6646
5454
4065
6330
2565
304
6374
3395
2520
9319
2821
1048
3135
8365
6604
9686
5596
5923
7168
7316
470
9638
3157
3154
6309
2647
1191
265
6017
9490
9434
1368
6004
5494
2889
5750
190
4317
4366
1066
100
5276
8667
6532
2105
1852
8709
6789
6697
4812
3504
8844
7121
6706
3969
869
4671
1757
1620
8149
9738
855
7055
5996
3315
2781
6825
1283
6875
4246
2145
52
5877
7338
9322
6207
3182
8595
9684
6852
4853
2441
8002
2116
5936
1533
2165
8350
6105
7129
4599
2310
4953
43
5294
4292
8260
2962
3004
9742
6757
6036
410
1250
4167
4039
1299
8453
1407
9358
3537
2877
3936
2912
3110
9730
1487
1577
7766
9936
1040
7175
7940
943
2445
46
548
365
7031
8715
5167
1036
6645
2693
7165
344
4971
3670
9858
5418
9793
3681
9805
2745
3058
2269
7782
8668
9535
6986
928
7652
1774
3668
7517
2062
4332
3980
592
9428
5405
4303
8201
9781
2454
9309
5916
9552
980
3469
5511
7042
3118
7885
8070
1027
5244
9412
8556
2021
7090
1938
8158
3049
865
5363
499
366
8750
9258
7172
9226
4760
7710
6161
2405
1731
2141
9712
8497
9578
1085
3542
713
1092
3964
7432
8772
6895
7263
6441
1276
8475
1220
5067
716
8620
262
4741
5315
302
4406
8173
3988
9715
9035
211
6629
9202
2297
9127
2586
5995
3788
6997
1835
8395
4325
7329
1059
6640
9441
6386
1949
2164
8259
7613
9574
772
7763
9095
4273
9061
4575
5999
2187
1789
9641
8978
1822
4525
2853
3795
65
6962
335
3656
7692
1564
5817
9366
341
1465
2598
577
4676
9444
3831
4340
8399
4448
4093
3554
8085
6547
2705
77
8490
6846
7560
814
2411
704
620
3088
2440
1621
2203
9203
6552
1010
5403
2201
6382
8997
7641
3672
941
6163
8654
7859
790
118
7847
6813
8385
6613
7499
276
2459
2530
91
8617
5080
9045
957
7924
8299
389
4494
3887
571
2568
2808
4543
1481
7758
7344
8337
2901
167
3281
2981
8003
7631
6788
8609
2570
7820
7863
5696
6099
8677
844
9326
4304
9462
9906
3120
2633
8338
1187
4220
2473
4597
2783
8798
6430
5142
9275
8061
22
2443
2412
7398
9125
2507
9117
1984
8596
5582
7099
4322
9863
3247
9901
6548
7665
7948
1961
4003
6783
4305
2744
2611
6702
6851
2925
6095
730
8853
1845
1978
5837
3600
1439
9944
9082
8335
2941
7066
8363
2757
2207
3006
8606
436
3382
1346
8742
9340
7115
4268
9386
2900
3759
2338
8382
5908
7801
4309
205
2475
5274
4995
503
1878
2778
5974
2143
6991
2934
7112
9134
3271
2946
3533
2221
8537
1987
6499
6859
6313
9145
6568
8897
7262
2495
8323
534
747
9043
6006
2702
982
797
1827
7054
835
8163
4729
66
9969
5304
4802
729
9799
1606
7803
7552
4342
6816
3289
4876
5675
8175
5155
18
5275
3193
1999
5448
376
4944
2474
2854
372
9282
2469
2512
1710
2015
8563
6787
5607
7529
3619
767
7199
1225
7009
9961
1570
4227
4732
6965
9525
3547
5413
6226
3033
970
5856
17
292
7956
7448
2780
5192
8931
9745
6263
5945
2953
423
3701
1149
6439
1556
9010
5764
1847
6589
1507
6009
7138
5506
2738
1105
7356
7438
2017
1264
3458
8827
8574
1523
6265
3321
8200
8516
3080
8573
7520
5948
4046
5746
6157
2347
658
4128
1183
958
7774
7445
8623
1851
3449
31
9851
4283
6398
2089
7196
4516
4083
3336
8593
8688
6778
2817
6928
3374
7697
1120
8488
8263
2643
9368
8154
7386
5318
8007
9589
771
5472
3302
3200
4531
7397
8159
248
1796
2489
2160
7518
203
8280
1301
3959
9839
6260
9566
4285
2894
175
8001
5417
7600
2850
8977
6553
2249
3387
3716
6154
4911
9913
5642
2098
4549
6680
1111
585
8437
4350
4508
9124
8224
646
7040
9536
8383
4707
3748
7602
2683
4731
7669
5441
5955
7699
5722
1689
5484
546
9167
1586
5386
4458
6574
7436
6011
7761
4739
6222
6631
4364
6642
6074
8396
1540
8065
1909
1882
3875
4522
6541
7152
533
9688
7691
6657
6109
4116
2903
647
6510
8028
4146
7465
5776
4904
7159
2589
3880
2797
2419
2914
1549
4476
1843
8857
4734
8258
6669
5935
2197
2536
7318
6779
759
4180
3682
4374
3084
8076
7258
9308
2861
6834
9996
2954
7959
5285
1674
1280
702
294
1604
5355
5219
3233
9380
5467
136
5501
6711
1945
4219
4546
2170
6903
4735
6569
6884
749
2400
358
727
3153
8569
6608
478
2266
4376
8024
9141
6273
3872
9994
6525
1926
7180
4114
392
5783
2511
607
6777
9351
7459
1491
5340
6661
2723
5460
5164
3938
1190
3802
1954
5845
8482
9832
50
7626
5175
8177
1642
5217
234
6369
3243
2522
8913
1935
7320
8983
1894
8858
4293
9842
3962
7004
8405
7482
5409
991
6837
427
9148
3030
5434
8686
2366
3893
5271
5427
4054
7341
6422
6079
231
6784
6040
4850
6679
8412
5775
2686
8315
2136
8641
2142
2255
6041
8905
5898
3484
5188
61
4077
9122
3224
4263
3132
6389
3857
1432
9915
3579
2855
1072
8720
7315
9484
8753
2637
1206
9187
674
2158
5130
9414
6200
7893
4490
676
3651
137
6557
3443
5599
3899
9985
8094
3634
5723
5888
5485
7003
5238
8809
6590
9734
480
4937
5885
4098
4641
8096
7064
9747
1309
8304
5180
3013
6153
5507
7964
3903
1664
216
9349
2615
665
7116
6734
8379
523
5213
25
6435
7272
2777
6906
3392
9703
6947
4149
7096
8218
8834
3886
3482
7862
4800
1943
7838
196
864
9634
1502
4074
7853
9594
4833
5682
6390
3503
6089
9347
399
6785
4043
719
8225
1679
3430
9967
9960
183
5437
1446
1558
4668
4799
9524
1014
3377
4510
5021
4222
2148
1536
7975
2250
6443
7481
9624
4847
7160
4236
350
1035
7388
1337
3819
1469
4397
1626
5859
8435
8015
4302
5694
4188
9198
5580
4312
1801
3845
9760
5534
3616
9629
6208
4663
7235
712
7642
4897
543
3461
2521
7828
817
9626
6000
1219
6406
5140
5026
9404
942
9008
5400
9385
7044
1939
9408
6810
2902
4651
7403
8962
3406
8135
3011
87
9628
1823
8290
4903
5806
1861
4552
8045
7362
3309
3796
3522
6776
6021
1834
9417
6747
3451
4261
8562
5844
6196
6376
7921
6147
7072
703
2988
6478
6030
9044
7978
8706
3628
1420
1425
297
6054
3848
6271
5401
6843
9049
6320
6085
8900
2355
4493
9856
5034
531
6189
7366
2356
6312
522
7392
110
7011
6940
7295
2827
3435
5993
4535
4242
916
6863
3824
4639
9098
3970
3370
462
9683
476
8374
2494
9717
4367
4389
2602
3356
9795
8445
2204
6363
7444
2088
8248
6762
1138
3332
6485
4990
8615
6076
634
9110
5115
495
813
7657
7568
8327
3778
5502
5317
9540
5406
435
1275
4151
8013
606
1427
6037
7057
2041
5232
5432
5280
9736
1089
3721
5323
6911
8372
858
3496
5038
7717
2677
3465
202
9397
3989
519
4421
952
6939
5605
3397
6120
5492
2305
9668
9639
4182
9392
471
9423
7878
8938
6713
4886
6892
2090
4930
5595
209
1667
9721
3787
5795
7355
9328
67
7001
7346
3614
4247
7405
8568
3540
8005
5138
8056
5897
5380
1798
3582
7929
2460
7685
4907
8465
4249
6676
6938
128
6896
7330
2947
9489
1703
4483
641
3548
2977
3661
9221
4820
3929
2955
6912
3416
694
5868
200
5579
1988
4978
9993
5122
6811
6826
8222
4580
1018
6745
7916
3400
1266
4337
3267
8979
1460
6957
692
9034
6611
4733
7636
4108
639
9836
4888
320
8999
6513
182
6404
9332
8555
71
127
2742
4279
4839
5422
7561
9767
9744
4447
3184
6824
1728
8987
7655
6452
7815
9429
6820
7446
3804
5360
6732
4084
5854
7981
3408
1781
7013
8034
